[[3650.]
 [3800.]
 [4400.]
 [4450.]
 [5250.]
 [5350.]
 [5800.]
 [5990.]
 [5999.]
 [6200.]
 [6390.]
 [6390.]
 [6600.]
 [6800.]
 [6800.]
 [6900.]
 [6900.]
 [6990.]
 [7490.]
 [7555.]
 [7990.]
 [7990.]
 [7990.]
 [8290.]]
[[3352.20235984]
 [5501.13322469]
 [5271.65657545]
 [4520.38862938]
 [4724.77297212]
 [6037.29362011]
 [4922.07999763]
 [6590.61114818]
 [5400.33507035]
 [6697.84322727]
 [6740.11411284]
 [7146.93117447]
 [6912.30738544]
 [6408.31661374]
 [7062.43229615]
 [6868.87839341]
 [7464.87428896]
 [6504.82548492]
 [7192.20455826]
 [7090.87024353]
 [7341.23570177]
 [7030.26267243]
 [8008.24068009]
 [7174.18956898]]
